True
True
True
True
True
True
True
True
True
True
True
True
True
True
True
True
True
True
id=4398, price="6", description="993 2058 760 2670 2276 363 116 1388 2040 705 2334 1001 159 2297 406 1289 2784 1812 105 659 2708 2084 230 943 1448 2155 553 1628 1022 2492 2953 660 3346 2298 2233 1392 1336 1614 2478 3098 2785 2207 1801 1918 2730 2860 3227 2689 1630 473 1450 884 2863 1679 1240 175 3214 2158 3426 3236 3202 2631 840 482 2724 1532 273 3111 611 3315 1697 2341 1679 1374 1476 1462 1330 2111 643 280 1147 1902 2805 246 1986 3099 1177 2069 542 2762 2909 211 2947 227 1538 1542 747 2416 1899 3133 855 765 1869 1775"
id=1734, price="6", description="993 2058 760 2670 2276 363 116 1388 2040 705 2334 1001 159 2297 406 1289 2784 1812 105 659 2708 2084 230 943 1448 2155 553 1628 1022 2492 2953 660 3346 2298 2233 1392 1336 1614 2478 3098 2785 2207 1801 1918 2730 2860 3227 2689 1630 473 1450 884 2863 1679 1240 175 3214 2158 3426 3236 3202 2631 840 482 2724 1532 273 3111 611 3315 1697 2341 1679 1374 1476 1462 1330 2111 643 280 1147 1902 2805 246 1986 3099 1177 2069 542 2762 2909 211 2947 227 1538 1542 747 2416 1899 3133 855 765 1869 1775"
True
True
True
True
id=6233, price="6", description="1727 1120 1910 1524 2950 2970 2252 677 2508 1465 1527 2998 1730 1931 159 3016 2100 1652 1357 2290 262 2268 2475 771 2243 556 2449 3133 1626 1379 419 3328 1085 2791 1923 2609 2689 2974 2452 1132"
True
id=9780, price="3", description="1697 1317 554 438 1256 894 2189 726 1126 403 2078 3013 3097 3005 2105 539 564 1773 3213 741 3022 3092 2807 2533 2759 1846 3109 3047 2381 743 787 566 1777 1232 735 519 2400 1528 1059 3123 3309 2403 589 115 1684 2753 316 2674 2260 318 2584 1352 2367 2334"
True
id=1140, price="3", description="2244 372 2765 201 334 1807 544 1508 187 2676 483 670 1034 561 2440 2384 2728 198 1757 255 780 1099 1018 2535 1192 622 230 215 738 209 3351 2926 1757 717 1510 1528 2709 1337 434 798 2201 1574 2081 2212 1377 3385 3250 3308 2859 1549 715 3020 661 2131 156 360 3368"
id=5059, price="9", description="2244 372 2765 201 334 1807 544 1508 187 2676 483 670 1034 561 2440 2384 2728 198 1757 255 780 1099 1018 2535 1192 622 230 215 738 209 3351 2926 1757 717 1510 1528 2709 1337 434 798 2201 1574 2081 2212 1377 3385 3250 3308 2859 1549 715 3020 661 2131 156 360 3368"
id=2276, price="7", description="2244 372 2765 201 334 1807 544 1508 187 2676 483 670 1034 561 2440 2384 2728 198 1757 255 780 1099 1018 2535 1192 622 230 215 738 209 3351 2926 1757 717 1510 1528 2709 1337 434 798 2201 1574 2081 2212 1377 3385 3250 3308 2859 1549 715 3020 661 2131 156 360 3368"
id=9780, price="3", description="2244 372 2765 201 334 1807 544 1508 187 2676 483 670 1034 561 2440 2384 2728 198 1757 255 780 1099 1018 2535 1192 622 230 215 738 209 3351 2926 1757 717 1510 1528 2709 1337 434 798 2201 1574 2081 2212 1377 3385 3250 3308 2859 1549 715 3020 661 2131 156 360 3368"
id=5059, price="9", description="2244 372 2765 201 334 1807 544 1508 187 2676 483 670 1034 561 2440 2384 2728 198 1757 255 780 1099 1018 2535 1192 622 230 215 738 209 3351 2926 1757 717 1510 1528 2709 1337 434 798 2201 1574 2081 2212 1377 3385 3250 3308 2859 1549 715 3020 661 2131 156 360 3368"
id=1734, price="6", description="2244 372 2765 201 334 1807 544 1508 187 2676 483 670 1034 561 2440 2384 2728 198 1757 255 780 1099 1018 2535 1192 622 230 215 738 209 3351 2926 1757 717 1510 1528 2709 1337 434 798 2201 1574 2081 2212 1377 3385 3250 3308 2859 1549 715 3020 661 2131 156 360 3368"
id=1734, price="6", description="2244 372 2765 201 334 1807 544 1508 187 2676 483 670 1034 561 2440 2384 2728 198 1757 255 780 1099 1018 2535 1192 622 230 215 738 209 3351 2926 1757 717 1510 1528 2709 1337 434 798 2201 1574 2081 2212 1377 3385 3250 3308 2859 1549 715 3020 661 2131 156 360 3368"
id=6145, price="7", description="2244 372 2765 201 334 1807 544 1508 187 2676 483 670 1034 561 2440 2384 2728 198 1757 255 780 1099 1018 2535 1192 622 230 215 738 209 3351 2926 1757 717 1510 1528 2709 1337 434 798 2201 1574 2081 2212 1377 3385 3250 3308 2859 1549 715 3020 661 2131 156 360 3368"
True
id=7195, price="7", description="639 1674 529 1521 2816 3122 1541 214 1966 896 1103 284 2430 2694 3181 1668 1539 1541 3334 2486 722 1160 218 892 2515 585 371 736 3409 984 2939 1075 902 2438 3260 1579"
True
id=7961, price="6", description="1912 1252 553 2093 1187 3118 1191 777 1632 2925 179 2271 3191 1504 3338 2186 265 839 571 477 486 812 2453 2247 443 3252 2988 1904 556 2327 451 1247 3262 875 1646 1031 1294 2919 1568 1560 2253 672 2421 3420 1515 3350 1662 2285 883 278 652 984 830 128 1254 2260 2064 2297 245 780 490 134 2651 473 1583 277 3046 2032 1272 2641 741 789 2453 742 1270 2837 2623 1944 1579 2101 1732 2979 2049 342 918 3233 2872 2252 479 1885 2190 2488 3085 1547 659 1773 1593 867"
id=5975, price="8", description="1912 1252 553 2093 1187 3118 1191 777 1632 2925 179 2271 3191 1504 3338 2186 265 839 571 477 486 812 2453 2247 443 3252 2988 1904 556 2327 451 1247 3262 875 1646 1031 1294 2919 1568 1560 2253 672 2421 3420 1515 3350 1662 2285 883 278 652 984 830 128 1254 2260 2064 2297 245 780 490 134 2651 473 1583 277 3046 2032 1272 2641 741 789 2453 742 1270 2837 2623 1944 1579 2101 1732 2979 2049 342 918 3233 2872 2252 479 1885 2190 2488 3085 1547 659 1773 1593 867"
id=6790, price="5", description="1912 1252 553 2093 1187 3118 1191 777 1632 2925 179 2271 3191 1504 3338 2186 265 839 571 477 486 812 2453 2247 443 3252 2988 1904 556 2327 451 1247 3262 875 1646 1031 1294 2919 1568 1560 2253 672 2421 3420 1515 3350 1662 2285 883 278 652 984 830 128 1254 2260 2064 2297 245 780 490 134 2651 473 1583 277 3046 2032 1272 2641 741 789 2453 742 1270 2837 2623 1944 1579 2101 1732 2979 2049 342 918 3233 2872 2252 479 1885 2190 2488 3085 1547 659 1773 1593 867"
True
id=2894, price="6", description="2384 1984 1384 3377 635 3136 104 1386 2631 1556 124 1967 1404 961 3318 2561 1911 683 2840 1174 1701 3310 3294 2784 3378 2634 1390 928 350 1337 2259 1640 714 3294 889 2933 3213"
Null
127860
True
True
True
True
id=1420, price="5", description="1796 632 2901 2105 355 2933 1731 1479 2068 241 419 3261 3290 2475 2659 1421 2359 1943 633 711 3248 661 493 2214 2307 971 3155 1800 2463 228 1209 3356"
id=6742, price="6", description="1796 632 2901 2105 355 2933 1731 1479 2068 241 419 3261 3290 2475 2659 1421 2359 1943 633 711 3248 661 493 2214 2307 971 3155 1800 2463 228 1209 3356"
True
True
Null
True
id=4201, price="7", description="2642 2057 1465 606 2772 615 1955 512 1332 2936 2349 324 677 1061 1439 1968 2815 451 3099 1417 1077 675 756 3086 217 265 3096 106 2499 614 1965 3217 2016 3032 253 1099 396 243 808 1777 1351 1391"
True
True
True
id=1420, price="5", description="1953 689 2678 1807 1167 1295 3081 199 2501 2693 1320 222 1524 1382 908 1886 762 2906 1781 3058 2083 1070 2914 3099 2443 842 3326 1596 3105 2931 1992 702 2830 1479 2632 1480 2555 944"
id=3030, price="9", description="1953 689 2678 1807 1167 1295 3081 199 2501 2693 1320 222 1524 1382 908 1886 762 2906 1781 3058 2083 1070 2914 3099 2443 842 3326 1596 3105 2931 1992 702 2830 1479 2632 1480 2555 944"
id=8464, price="6", description="1953 689 2678 1807 1167 1295 3081 199 2501 2693 1320 222 1524 1382 908 1886 762 2906 1781 3058 2083 1070 2914 3099 2443 842 3326 1596 3105 2931 1992 702 2830 1479 2632 1480 2555 944"
168141
True
id=9169, price="4", description="2175 3371 2134 141 327 1868 913 1649 2021 2234 2647 1418 2096 531 1286 3337 937 629 1264 1919 993 1658 2603 2481 403 3013 2844 1834 1932 3145 2851 2729 1832 372 2210 831 2752 2682 2671 2964 2081 3301 246 2555 1579 2066 2380 1811 1117 2323 1573 874 3196 326 675 568 2624 2894 3179 217 130 2560 501 1883 3089 2343 3400 2889 596 2120 3095 1058 1078 1377 1643 2688"
id=1420, price="5", description="2175 3371 2134 141 327 1868 913 1649 2021 2234 2647 1418 2096 531 1286 3337 937 629 1264 1919 993 1658 2603 2481 403 3013 2844 1834 1932 3145 2851 2729 1832 372 2210 831 2752 2682 2671 2964 2081 3301 246 2555 1579 2066 2380 1811 1117 2323 1573 874 3196 326 675 568 2624 2894 3179 217 130 2560 501 1883 3089 2343 3400 2889 596 2120 3095 1058 1078 1377 1643 2688"
id=5428, price="9", description="2175 3371 2134 141 327 1868 913 1649 2021 2234 2647 1418 2096 531 1286 3337 937 629 1264 1919 993 1658 2603 2481 403 3013 2844 1834 1932 3145 2851 2729 1832 372 2210 831 2752 2682 2671 2964 2081 3301 246 2555 1579 2066 2380 1811 1117 2323 1573 874 3196 326 675 568 2624 2894 3179 217 130 2560 501 1883 3089 2343 3400 2889 596 2120 3095 1058 1078 1377 1643 2688"
True
True
True
id=3376, price="4", description="1491 2905 825 1536 2109 1884 3212 1970 3406 1548 823 1837 1373 1918 1374 2146 1779 1074 3194 1762 1664 1898 3368 2202 2731 2668 2112 1204 3321 2352 971 227 374 3269 1697 3033 1133 2318 3165 1099 2406 1527 606 1972 1872 2424 1222 851 413 1975 1760 982 1670 2303 1069 550 1137 970 1725"
id=9169, price="4", description="1491 2905 825 1536 2109 1884 3212 1970 3406 1548 823 1837 1373 1918 1374 2146 1779 1074 3194 1762 1664 1898 3368 2202 2731 2668 2112 1204 3321 2352 971 227 374 3269 1697 3033 1133 2318 3165 1099 2406 1527 606 1972 1872 2424 1222 851 413 1975 1760 982 1670 2303 1069 550 1137 970 1725"
True
Null
Null
id=5309, price="7", description="2460 3073 1768 2685 766 109 2774 231 1587 975 1065 2362 172 244 1468 176 2010 1923 655 1403 2928 3302 1481 3135 1955 2048 2590 627 3355 268 426 803 1161 1718 2381 409 3218 1527 2218 2263 2884 2196 2679 838"
Null
id=5238, price="5", description="2460 3073 1768 2685 766 109 2774 231 1587 975 1065 2362 172 244 1468 176 2010 1923 655 1403 2928 3302 1481 3135 1955 2048 2590 627 3355 268 426 803 1161 1718 2381 409 3218 1527 2218 2263 2884 2196 2679 838"
191839
True
True
id=9169, price="4", description="1838 3207 399 989 1826 2370 423 2323 1803 3118 848 989 490 694 2710 1301 3391 2490 3267 753 1686 2969 1341 2734 2046 322 368 475 2561 875 781 3201 1164 3161 348 2544 2058 444 769 384 1682 2153 911 1072 1543 2019 2614 2265 445 3026 2076 2807 2822 2874 2594 254 1573 483 302 3238 1014 2252 1599 1302 1170 2511 1156 1221 3325 1555 1105 327 1596 697 1120 3167 1603 821 2938 2993 2603 1847 922 2810 1345 2617 2046 2641 1186 3247"
True
id=3163, price="8", description="137 1476 1770 2861 2246 567 1487 1458 2118 1247 911 1764 2489 3050 2424 1310 2553 3309 575 2156 1623 3175 3188"
True
Null
id=8705, price="6", description="1165 3119 227 2318 1628 943 2616 458 2773 2986 1722 3012 1255 2235 628 582 2783 1439 860 2529 3223 1301 2806 701 1887 1202 1242 1274 591 1784 1203"
id=6996, price="5", description="1165 3119 227 2318 1628 943 2616 458 2773 2986 1722 3012 1255 2235 628 582 2783 1439 860 2529 3223 1301 2806 701 1887 1202 1242 1274 591 1784 1203"
True
id=7242, price="6", description="3303 2104 1170 2111 1689 628 285 1202 330 202 1221 278 600 1647 517 2319 1791 3329 2010 278 3132 406 325 679 2984 126 1323 269 950 3336 947 1316 3368 3310 2963 2994 329 1190 419 3049 649 2465 614 3188 3375 2192 1424 1347 767 360 211 621 272 1789 459 1698 941 1248 3130 1706 1527 399 1358 3005 1110 1464 214 2573 323 1637 598 3180 1433 3115 1784 1201 706 2931 453 766 2227 285 3006 1625 1769 1258 2603 1774 2418"
True
ERROR
True
226393
